<!DOCTYPE html>
<div class="div-wrapper">
    <div class="ninja-banner ninja-body">
        <!-- Created with Motorola Mobility Ninja -->
        <!-- Ninja-Banner Dimensions@@@550x400 -->
        <style type="text/css">
            html, body {
                width: 100%;
                height: 100%;
                margin: 0px;
                padding: 0px;
            }
            .div-wrapper {
                overflow: hidden;
                width: 550px;
                height: 400px;
            }
            .ninja-banner {
                overflow: visible;
                height: 550px;
                width: 550px;
            }
            .ninja-body {
                -webkit-transform: perspective(1400) matrix3d(1, 0, 0, 0, 0, 1, 0, 0, 0, 0, 1, 0, 0, 0, 0, 1);
                -webkit-transform-style: preserve-3d;
                background-color: transparent;
            }
            .div-y4gh {
                position: absolute;
                top: 150px;
                background-image: none;
                background-color: rgb(153, 153, 153);
                left: 101px;
                width: 130px;
                height: 100px;
                -webkit-transform: matrix3d(1, 0, 0, 0, 0, 1, 0, 0, 0, 0, 1, 0, 0.5, 6, 165.52857, 1);
                -webkit-transform-style: preserve-3d;
            }
            .div-i0hq {
                background-image: none;
                background-color: rgb(77, 68, 68);
                top: 156px;
                left: 100px;
                width: 132px;
                height: 101px;
                -webkit-transform: matrix3d(0.89015, 0.0902, 0.44664, 0, -0.01098, 0.98415, -0.17693, 0, -0.45553, 0.15261, 0.87704, 0, -42.91126, 120.00864, -116.53334, 1);
                -webkit-transform-style: preserve-3d;
            }
            .div-iv6d {
                top: 181px;
                left: 125px;
                background-image: none;
                background-color: rgb(128, 128, 128);
                height: 27px;
                width: 35px;
                -webkit-transform: matrix3d(0.89015, 0.0902, 0.44664, 0, -0.01098, 0.98415, -0.17693, 0, -0.45553, 0.15261, 0.87704, 0, -40.58055, 107.82871, -113.96292, 1);
                -webkit-transform-style: preserve-3d;
            }
            .div-sswb {
                background-image: none;
                background-color: rgb(204, 204, 204);
            }
            .div-4huv {
                -webkit-transform: matrix3d(0.89015, 0.0902, 0.44664, 0, -0.01098, 0.98415, -0.17693, 0, -0.45553, 0.15261, 0.87704, 0, -46.78842, 109.21216, -124.65035, 1);
                -webkit-transform-style: preserve-3d;
                background-image: none;
                background-color: rgb(204, 204, 204);
            }
            .div-ow4z {
                top: 231px;
                left: 175px;
                -webkit-transform: matrix3d(0.89015, 0.0902, 0.44664, 0, -0.01098, 0.98415, -0.17693, 0, -0.45553, 0.15261, 0.87704, 0, -42.41952, 65.72047, -94.48439, 1);
                -webkit-transform-style: preserve-3d;
            }
            .div-idk4 {
                top: 281px;
                left: 225px;
                background-image: none;
                background-color: rgb(204, 204, 204);
                width: 49px;
                -webkit-transform: matrix3d(0.89021, 0.07782, 0.44883, 0, 0.00021, 0.98522, -0.1713, 0, -0.45553, 0.15261, 0.87704, 0, 102.62967, -16.80269, -292.88704, 1);
                -webkit-transform-style: preserve-3d;
            }
            .div-vh0a {
                top: 256px;
                left: 200px;
                -webkit-transform: matrix3d(1, 0, 0, 0, 0, 1, 0, 0, 0, 0, 1, 0, 2038.30546, -10, -493.5833, 1);
                -webkit-transform-style: preserve-3d;
            }
            .div-ayro {
                top: 206px;
                left: 150px;
                -webkit-transform: matrix3d(0.89015, 0.0902, 0.44664, 0, -0.01098, 0.98415, -0.17693, 0, -0.45553, 0.15261, 0.87704, 0, -20.15278, 90.3949, -87.62335, 1);
                -webkit-transform-style: preserve-3d;
            }
            .div-7pvm {
                left: 126px;
                top: 182px;
                background-image: none;
                background-color: rgb(139, 127, 127);
                width: 130px;
                height: 100px;
                -webkit-transform: matrix3d(0.45553, -0.15261, -0.87704, 0, -0.01098, 0.98415, -0.17693, 0, 0.89015, 0.0902, 0.44664, 0, 320.57959, 67.78456, -292.06385, 1);
                -webkit-transform-style: preserve-3d;
            }
            .div-3zln {
                position: absolute;
                height: 100px;
                width: 186px;
                left: 251px;
                top: 150px;
            }
            .div-0eqi {
                position: absolute;
                width: 269px;
                height: 100px;
                left: 231px;
                top: 150px;
                background-image: none;
                background-color: rgb(153, 153, 153);
                -webkit-transform: matrix3d(0, 0, -1, 0, 0, 1, 0, 0, 1, 0, 0, 0, -134.5, 0, -134.5, 1);
                -webkit-transform-style: preserve-3d;
            }
            .div-fm0o {
                top: 175px;
                left: 256px;
            }
            .div-crz5 {
                top: 182px;
            }
            .div-lbo3 {
                left: 281px;
                top: 207px;
            }
            .div-7bh5 {
                top: 232px;
                left: 306px;
            }
            .div-bmzr {
                top: 257px;
                left: 345px;
            }
            .div-j3oe {
                top: 282px;
                left: 370px;
            }
            .div-ccwc {
                top: 307px;
                left: 395px;
            }
            .div-sx9e {
                top: 257px;
                left: 327px;
            }
            .div-gdk9 {
                top: 257px;
                left: 331px;
            }
            .div-nu3r {
                width: 269px;
                height: 100px;
                -webkit-transform: matrix3d(0, 0, -1, 0, 0, 1, 0, 0, 1, 0, 0, 0, -134.5, 6, 30.52857, 1);
                -webkit-transform-style: preserve-3d;
            }
            .div-ezd3 {
                top: 157px;
                background-image: none;
                background-color: rgb(109, 102, 102);
                width: 270px;
                height: 100px;
                -webkit-transform: matrix3d(0.45553, -0.15261, -0.87704, 0, -0.01098, 0.98415, -0.17693, 0, 0.89015, 0.0902, 0.44664, 0, -122.70177, 105.66026, -206.65706, 1);
                -webkit-transform-style: preserve-3d;
            }
            .div-r4xx {
                width: 200px;
                -webkit-transform: matrix3d(-1, 0, 0, 0, 0, 1, 0, 0, 0, 0, -1, 0, -24.5, -19, -104.47143, 1);
                -webkit-transform-style: preserve-3d;
            }
            .div-qbon {
                background-image: none;
                background-color: rgb(77, 68, 68);
                width: 200px;
                height: 100px;
                -webkit-transform: matrix3d(-0.89015, -0.0902, -0.44664, 0, -0.01098, 0.98415, -0.17693, 0, 0.45553, -0.15261, -0.87704, 0, 36.95461, 68.68248, -279.72245, 1);
                -webkit-transform-style: preserve-3d;
            }
            .div-6zjr {
                width: 200px;
                height: 100px;
                -webkit-transform: matrix3d(-1, 0, 0, 0, 0, 1, 0, 0, 0, 0, -1, 0, 50.5, 70, -221.70249, 1);
                -webkit-transform-style: preserve-3d;
            }
            .div-xn50 {
                width: 200px;
                height: 100px;
                -webkit-transform: matrix3d(-0.89015, -0.0902, -0.44664, 0, -0.01098, 0.98415, -0.17693, 0, 0.45553, -0.15261, -0.87704, 0, 71.17561, 23.8437, -393.7369, 1);
                -webkit-transform-style: preserve-3d;
            }
            .div-kz0f {
                width: 200px;
                height: 100px;
                -webkit-transform: matrix3d(-1, 0, 0, 0, 0, 1, 0, 0, 0, 0, -1, 0, 125.5, -229, -221.70249, 1);
                -webkit-transform-style: preserve-3d;
            }
            .div-rl7w {
                width: 200px;
                height: 110px;
                -webkit-transform: matrix3d(1, 0, 0, 0, 0, 0.70711, -0.70711, 0, 0, 0.70711, 0.70711, 0, 26.30016, -48.89105, -194.3083, 1);
                -webkit-transform-style: preserve-3d;
                background-image: none;
                background-color: rgb(102, 0, 0);
            }
            .div-kbgg {
                left: 305px;
                width: 200px;
                height: 110px;
                -webkit-transform: matrix3d(0.89015, 0.0902, 0.44664, 0, 0.31438, 0.58799, -0.74526, 0, -0.32984, 0.80382, 0.49505, 0, 35.49255, -89.4769, -354.07226, 1);
                -webkit-transform-style: preserve-3d;
            }
            .div-ye3e {
                width: 200px;
                height: 110px;
                -webkit-transform: matrix3d(1, 0, 0, 0, 0, 0.70711, -0.70711, 0, 0, 0.70711, 0.70711, 0, -67.69984, -303.89105, -194.3083, 1);
                -webkit-transform-style: preserve-3d;
            }
            .div-g9ao {
                width: 200px;
            }
            .div-o7v0 {
                width: 270px;
                height: 110px;
                -webkit-transform: matrix3d(0, 0, 1, 0, 0.70711, 0.70711, 0, 0, -0.70711, 0.70711, 0, 0, 45.2784, -322.76889, 43.3275, 1);
                -webkit-transform-style: preserve-3d;
            }
            .div-by62 {
                width: 270px;
                height: 110px;
                -webkit-transform: matrix3d(-0.45553, 0.15261, 0.87704, 0, 0.63719, -0.63213, 0.44096, 0, 0.62166, 0.7597, 0.19073, 0, -352.92958, -121.95522, -235.97844, 1);
                -webkit-transform-style: preserve-3d;
            }
            .div-v3n5 {
                width: 270px;
                height: 110px;
                -webkit-transform: matrix3d(-0.45553, 0.15261, 0.87704, 0, 0.62166, 0.7597, 0.19073, 0, -0.63719, 0.63213, -0.44096, 0, -310.97475, -140.16948, -202.38175, 1);
                -webkit-transform-style: preserve-3d;
            }
            .div-40g4 {
                width: 200px;
                height: 110px;
                -webkit-transform: matrix3d(0.89015, 0.0902, 0.44664, 0, -0.32984, 0.80382, 0.49505, 0, -0.31438, -0.58799, 0.74526, 0, -20.23606, -102.95201, -287.88, 1);
                -webkit-transform-style: preserve-3d;
            }
            .div-eolo {
                width: 200px;
                height: 100px;
                -webkit-transform: matrix3d(-1, 0, 0, 0, 0, 1, 0, 0, 0, 0, -1, 0, 2.88189, -79, -80.24067, 1);
                -webkit-transform-style: preserve-3d;
            }
            .div-05ai {
                left: 256px;
                top: 182px;
                width: 270px;
                height: 100px;
                -webkit-transform: matrix3d(0.45553, -0.15261, -0.87704, 0, -0.01098, 0.98415, -0.17693, 0, 0.89015, 0.0902, 0.44664, 0, -264.2774, 68.53495, -264.05424, 1);
                -webkit-transform-style: preserve-3d;
            }
            .div-z6y8 {
                position: absolute;
                left: 76px;
                top: 79px;
                width: 168px;
                height: 168px;
                background-image: none;
                background-color: rgb(153, 153, 153);
                -webkit-transform: matrix3d(-1, 0, 0, 0, 0, 0, 1, 0, 0, 1, 0, 0, 0.5, 100, -175.70249, 1);
                -webkit-transform-style: preserve-3d;
            }
            .div-iu2e {
                top: 104px;
                left: 101px;
            }
            .div-kipu {
                background-image: none;
                background-color: rgb(51, 51, 51);
                width: 185px;
                height: 185px;
                -webkit-transform: matrix3d(-0.89015, -0.0902, -0.44664, 0, -0.45553, 0.15261, 0.87704, 0, -0.01098, 0.98415, -0.17693, 0, 94.69184, 146.90814, -455.67677, 1);
                -webkit-transform-style: preserve-3d;
            }
            .div-cyq9 {
                top: 104px;
                left: 101px;
                background-image: none;
                background-color: rgb(51, 51, 51);
                -webkit-transform: matrix3d(-1, 0, 0, 0, 0, 0, 1, 0, 0, 1, 0, 0, 170.5, 184.5, 151.49305, 1);
                -webkit-transform-style: preserve-3d;
                height: 115px;
                width: 115px;
            }
            .div-qbkh {
                width: 115px;
                height: 115px;
                -webkit-transform: matrix3d(-0.89015, -0.0902, -0.44664, 0, -0.45553, 0.15261, 0.87704, 0, -0.01098, 0.98415, -0.17693, 0, 170.7494, 193.74454, -257.61437, 1);
                -webkit-transform-style: preserve-3d;
                top: 104px;
            }
            .div-2ab9 {
                top: 129px;
                left: 126px;
                width: 115px;
                height: 115px;
                -webkit-transform: matrix3d(-0.89015, -0.0902, -0.44664, 0, -0.45553, 0.15261, 0.87704, 0, -0.01098, 0.98415, -0.17693, 0, 145.39033, 122.64687, -248.90945, 1);
                -webkit-transform-style: preserve-3d;
            }
            .div-xkli {
                position: absolute;
                left: -191px;
                top: 163px;
                width: 235px;
                height: 200px;
                -webkit-transform-style: preserve-3d;
                -webkit-transform: matrix3d(-1, 0, 0, 0, 0, 0, 1, 0, 0, 1, 0, 0, 0, 0, -191.70249, 1);
                background-image: none;
                background-color: rgb(153, 153, 153);
            }
            .div-k79l {
                width: 220px;
                height: 220px;
                -webkit-transform: matrix3d(0, -1, 0, 0, -0.00667, 0, 0.99998, 0, -0.99998, 0, -0.00667, 0, 139.7663, -120, -166.70469, 1);
                -webkit-transform-style: preserve-3d;
            }
            .div-f1ib {
                left: -166px;
                top: 196px;
                width: 220px;
                height: 219px;
                -webkit-transform: matrix3d(0, 1, 0, 0, 1, 0, 0, 0, 0, 0, -1, 0, 225.5, -153, -276.70249, 1);
                -webkit-transform-style: preserve-3d;
            }
            .div-6fz6 {
                position: absolute;
                left: 60px;
                background-image: none;
                background-color: rgb(153, 153, 153);
                top: 57px;
                width: 185px;
                height: 200px;
                -webkit-transform: matrix3d(0, 0, -1, 0, 0, 1, 0, 0, 1, 0, 0, 0, -93, 6, -184.20249, 1);
                -webkit-transform-style: preserve-3d;
            }
            .div-4jfv {
                background-image: none;
                background-color: rgb(153, 153, 153);
                width: 185px;
                height: 200px;
                -webkit-transform: matrix3d(0.45553, -0.15261, -0.87704, 0, -0.01098, 0.98415, -0.17693, 0, 0.89015, 0.0902, 0.44664, 0, 29.44931, 54.64718, -479.29881, 1);
                -webkit-transform-style: preserve-3d;
            }
            .div-1nlm {
                top: 82px;
                left: 85px;
                background-image: none;
                background-color: rgb(153, 153, 153);
                width: 185px;
                height: 200px;
                -webkit-transform: matrix3d(0.89015, 0.0902, 0.44664, 0, -0.01098, 0.98415, -0.17693, 0, -0.45553, 0.15261, 0.87704, 0, 128.92571, 23.876, -519.10858, 1);
                -webkit-transform-style: preserve-3d;
            }
            .div-4oqh {
                top: 82px;
                left: 85px;
                -webkit-transform: matrix3d(0, 0, -1, 0, 0, 1, 0, 0, 1, 0, 0, 0, -125.5, -19, -391.70249, 1);
                -webkit-transform-style: preserve-3d;
            }
            .div-sj7q {
                position: absolute;
                left: 59px;
                top: 65px;
                background-image: none;
                background-color: rgb(153, 153, 153);
                width: 55px;
                height: 200px;
                -webkit-transform: matrix3d(1, 0, 0, 0, 0, 1, 0, 0, 0, 0, 1, 0, 0.5, -2, -91.70249, 1);
                -webkit-transform-style: preserve-3d;
            }
            .div-40k5 {
                left: 84px;
                top: 90px;
            }
            .div-1c4e {
                top: 115px;
                left: 109px;
            }
            .div-vnkn {
                top: 115px;
                left: 109px;
            }
            .div-ucyy {
                top: 140px;
                left: 134px;
            }
            .div-0487 {
                width: 185px;
                height: 200px;
                -webkit-transform: matrix3d(1, 0, 0, 0, 0, 1, 0, 0, 0, 0, 1, 0, 27.5, 78, -91.70249, 1);
                -webkit-transform-style: preserve-3d;
                background-image: none;
                background-color: rgb(102, 102, 102);
            }
            .div-q1mh {
                background-image: none;
                background-color: rgb(77, 68, 68);
                width: 185px;
                height: 200px;
                -webkit-transform: matrix3d(0.89015, 0.0902, 0.44664, 0, -0.01098, 0.98415, -0.17693, 0, -0.45553, 0.15261, 0.87704, 0, 70.6497, 69.10812, -356.85725, 1);
                -webkit-transform-style: preserve-3d;
            }
            .div-s2oc {
                background-image: none;
                background-color: rgb(51, 51, 51);
                -webkit-transform: matrix3d(1, 0, 0, 0, 0, 1, 0, 0, 0, 0, 1, 0, -266.5, 316, -91.70249, 1);
                -webkit-transform-style: preserve-3d;
                height: 15px;
                width: 270px;
            }
            .div-0scv {
                width: 200px;
                height: 15px;
                -webkit-transform: matrix3d(1, 0, 0, 0, 0, 1, 0, 0, 0, 0, 1, 0, 534.5, 227, -91.70249, 1);
                -webkit-transform-style: preserve-3d;
            }
            .div-isoz {
                width: 200px;
                height: 10px;
                -webkit-transform: matrix3d(0.89015, 0.0902, 0.44664, 0, 0.45553, -0.15261, -0.87704, 0, -0.01098, 0.98415, -0.17693, 0, 207.78897, 157.58523, -264.59104, 1);
                -webkit-transform-style: preserve-3d;
            }
            .div-ck2d {
                width: 200px;
                height: 10px;
                -webkit-transform: matrix3d(0.89015, 0.0902, 0.44664, 0, -0.45553, 0.15261, 0.87704, 0, 0.01098, -0.98415, 0.17693, 0, 247.39543, 110.71637, -390.23055, 1);
                -webkit-transform-style: preserve-3d;
            }
            .div-qrcl {
                width: 270px;
                height: 15px;
                -webkit-transform: matrix3d(0, 0, -1, 0, 1, 0, 0, 0, 0, -1, 0, 0, -106.5, 120.00951, 43.3275, 1);
                -webkit-transform-style: preserve-3d;
            }
            .div-x83l {
                width: 270px;
                height: 15px;
                -webkit-transform: matrix3d(0.45553, -0.15261, -0.87704, 0, 0.89015, 0.0902, 0.44664, 0, 0.01098, -0.98415, 0.17693, 0, -120.29833, 127.98788, -256.88083, 1);
                -webkit-transform-style: preserve-3d;
            }
            .div-oqtm {
                width: 270px;
                height: 15px;
                -webkit-transform: matrix3d(0.45553, -0.15261, -0.87704, 0, 0.89015, 0.0902, 0.44664, 0, 0.01098, -0.98415, 0.17693, 0, -22.45838, 115.43749, -195.24199, 1);
                -webkit-transform-style: preserve-3d;
            }
            .div-khb4 {
                top: 90px;
                left: 84px;
                background-image: none;
                background-color: rgb(139, 127, 127);
                width: 185px;
                height: 200px;
                -webkit-transform: matrix3d(-0.45553, 0.15261, 0.87704, 0, -0.01098, 0.98415, -0.17693, 0, -0.89015, -0.0902, -0.44664, 0, 170.12608, 38.3369, -396.66704, 1);
                -webkit-transform-style: preserve-3d;
            }
            .div-tffn {
                position: absolute;
                left: -1936px;
                top: 263px;
                width: 2180px;
                height: 1286px;
                -webkit-transform-style: preserve-3d;
                -webkit-transform: matrix3d(1, 0, 0, 0, 0, 1, 0, 0, 0, 0, 1, 0, 0, 0, -221.70249, 1);
            }
            .div-1sdf {
                position: absolute;
                left: -751px;
                top: 263px;
                width: 995px;
                height: 157px;
                -webkit-transform-style: preserve-3d;
                -webkit-transform: matrix3d(1, 0, 0, 0, 0, 1, 0, 0, 0, 0, 1, 0, 0, 0, -221.70249, 1);
            }
            .div-r3dn {
                position: absolute;
                left: 115px;
                top: 129px;
                background-image: none;
                background-color: rgb(51, 51, 51);
                width: 130px;
                height: 269px;
                -webkit-transform: matrix3d(-0.89015, -0.0902, -0.44664, 0, -0.45553, 0.15261, 0.87704, 0, -0.01098, 0.98415, -0.17693, 0, 4.67408, 91.5965, -243.92133, 1);
                -webkit-transform-style: preserve-3d;
            }
            .div-35yx {
                top: 154px;
                left: 140px;
                width: 221px;
                height: 310px;
                -webkit-transform: matrix3d(-0.89015, -0.0902, -0.44664, 0, -0.45553, 0.15261, 0.87704, 0, -0.01098, 0.98415, -0.17693, 0, -84.02913, 48.80271, -230.56985, 1);
                -webkit-transform-style: preserve-3d;
            }
            .div-nd36 {
                position: absolute;
                left: 245px;
                top: 198px;
                background-image: none;
                background-color: rgb(51, 51, 51);
                width: 200px;
                height: 130px;
                -webkit-transform: matrix3d(-0.89015, -0.0902, -0.44664, 0, -0.45553, 0.15261, 0.87704, 0, -0.01098, 0.98415, -0.17693, 0, 77.46226, 77.01626, -345.35327, 1);
                -webkit-transform-style: preserve-3d;
            }
            .div-jvxx {
                top: 223px;
                left: 270px;
                height: 220px;
                width: 246px;
                -webkit-transform: matrix3d(-0.89015, -0.0902, -0.44664, 0, -0.45553, 0.15261, 0.87704, 0, -0.01098, 0.98415, -0.17693, 0, 54.04739, 7.51692, -344.07765, 1);
                -webkit-transform-style: preserve-3d;
            }
            .div-ccsl {
                position: absolute;
                left: 246px;
                top: 258px;
                background-image: none;
                background-color: rgb(102, 102, 102);
                width: 68px;
                height: 59px;
                -webkit-transform: matrix3d(0.89015, 0.0902, 0.44664, 0, -0.01098, 0.98415, -0.17693, 0, -0.45553, 0.15261, 0.87704, 0, -35.87467, 17.61235, -357.21641, 1);
                -webkit-transform-style: preserve-3d;
            }
            .canvas-i6oz {
                position: absolute;
                left: 178px;
                top: 99px;
                -webkit-transform: matrix3d(1, 0, 0, 0, 0, 1, 0, 0, 0, 0, 1, 0, 87, 114, 179, 1);
                -webkit-transform-style: preserve-3d;
            }
            .canvas-3sye {
                position: absolute;
                top: 203px;
                -webkit-transform: matrix3d(1, 0, 0, 0, 0, 1, 0, 0, 0, 0, 1, 0, 0, -3.49049, 178.3275, 1);
                -webkit-transform-style: preserve-3d;
                left: 190px;
            }
            .canvas-qavj {
                -webkit-transform: matrix3d(0.89015, 0.0902, 0.44664, 0, -0.01098, 0.98415, -0.17693, 0, -0.45553, 0.15261, 0.87704, 0, -142.45238, -2.07519, -100.85107, 1);
                -webkit-transform-style: preserve-3d;
                left: 191px;
                top: 204px;
            }
            .canvas-jn6f {
                top: 228px;
                left: 192px;
                -webkit-transform: matrix3d(0.45943, -0.1522, -0.87509, 0, -0.01098, 0.98415, -0.17693, 0, 0.88814, 0.09087, 0.45049, 0, 244.27134, -53.79672, -276.32418, 1);
                -webkit-transform-style: preserve-3d;
            }
            .div-zs79 {
                position: absolute;
                left: 87px;
                top: 106px;
                width: 185px;
                height: 35px;
                background-image: none;
                background-color: rgb(153, 153, 153);
                -webkit-transform: matrix3d(1, 0, 0, 0, 0, 0, 1, 0, 0, -1, 0, 0, 0, 17.5, -49.61856, 1);
                -webkit-transform-style: preserve-3d;
            }
            .div-0tbv {
                left: 121px;
                top: 178px;
            }
            .div-5egq {
                background-image: none;
                background-color: rgb(51, 51, 51);
                width: 185px;
                -webkit-transform: matrix3d(1, 0, 0, 0, 0, 0, 1, 0, 0, -1, 0, 0, 6, 44.5, -321.30451, 1);
                -webkit-transform-style: preserve-3d;
                height: 37px;
            }
            .div-tpuq {
                width: 185px;
                height: 37px;
                -webkit-transform: matrix3d(0.89015, 0.0902, 0.44664, 0, -0.45553, 0.15261, 0.87704, 0, 0.01098, -0.98415, 0.17693, 0, 136.44966, -20.64976, -516.36257, 1);
                -webkit-transform-style: preserve-3d;
            }
            .div-79ec {
                width: 185px;
                height: 38px;
                -webkit-transform: matrix3d(0.89015, 0.0902, 0.44664, 0, -0.45553, 0.15261, 0.87704, 0, 0.01098, -0.98415, 0.17693, 0, 1.33389, -59.17455, -323.95015, 1);
                -webkit-transform-style: preserve-3d;
            }
            .div-6gfg {
                top: 131px;
                left: 112px;
                background-image: none;
                background-color: rgb(51, 51, 51);
                width: 185px;
                height: 37px;
                -webkit-transform: matrix3d(0, 0, 1, 0, 0.70711, 0.70711, 0, 0, -0.70711, 0.70711, 0, 0, 77.95621, 24.95621, 155.69605, 1);
                -webkit-transform-style: preserve-3d;
            }
            .div-h68l {
                position: absolute;
                left: 87px;
                top: -14px;
                -webkit-transform-style: preserve-3d;
                -webkit-transform: matrix3d(1, 0, 0, 0, 0, 1, 0, 0, 0, 0, 1, 0, 0, 0, -32.11856, 1);
                width: 185px;
                height: 35px;
                background-image: none;
                background-color: rgb(153, 153, 153);
            }
            .div-1op5 {
                background-image: none;
                background-color: rgb(51, 51, 51);
            }
            .div-p8qr {
                left: 112px;
                top: -7px;
            }
            .div-190b {
                height: 35px;
                width: 255px;
                -webkit-transform: matrix3d(0, 0, 1, 0, -1, 0, 0, 0, 0, -1, 0, 0, 75, 137.5, 60.38144, 1);
                -webkit-transform-style: preserve-3d;
            }
            .div-scx2 {
                width: 255px;
                height: 37px;
                -webkit-transform: matrix3d(-0.45553, 0.15261, 0.87704, 0, -0.89015, -0.0902, -0.44664, 0, 0.01098, -0.98415, 0.17693, 0, 149.25551, 126.06053, -370.75639, 1);
                -webkit-transform-style: preserve-3d;
            }
            .div-u12y {
                background-image: none;
                background-color: rgb(51, 51, 51);
                width: 255px;
                height: 37px;
                -webkit-transform: matrix3d(-0.45553, 0.15261, 0.87704, 0, -0.89015, -0.0902, -0.44664, 0, 0.01098, -0.98415, 0.17693, 0, -71.57632, 99.21329, -469.02121, 1);
                -webkit-transform-style: preserve-3d;
            }
            .div-4c5f {
                top: 11px;
                left: 112px;
                width: 255px;
                -webkit-transform: matrix3d(1, 0, 0, 0, 0, 1, 0, 0, 0, 0, 1, 0, 0, 0, 0, 1);
                -webkit-transform-style: preserve-3d;
            }
            .div-i8m0 {
                position: absolute;
                left: 52px;
                top: 85px;
                width: 255px;
                height: 75px;
                background-image: none;
                background-color: rgb(0, 129, 255);
                -webkit-transform: matrix3d(-1, 0, 0, 0, 0, 1, 0, 0, 0, 0, -1, 0, 0, -19, -67.11856, 1);
                -webkit-transform-style: preserve-3d;
            }
            .div-mtg7 {
                top: 160px;
                left: 127px;
                -webkit-transform: matrix3d(-0.45553, 0.15261, 0.87704, 0, -0.01098, 0.98415, -0.17693, 0, -0.89015, -0.0902, -0.44664, 0, -101.73198, -126.25567, -470.0256, 1);
                -webkit-transform-style: preserve-3d;
            }
            .div-7k8c {
                top: 185px;
                left: 152px;
                -webkit-transform: matrix3d(-0.45553, 0.15261, 0.87704, 0, -0.01098, 0.98415, -0.17693, 0, -0.89015, -0.0902, -0.44664, 0, 175.34199, -100.61496, -302.48006, 1);
                -webkit-transform-style: preserve-3d;
            }
            .div-n1q5 {
                left: 177px;
                top: 212px;
                -webkit-transform: matrix3d(-0.45553, 0.15261, 0.87704, 0, -0.01098, 0.98415, -0.17693, 0, -0.89015, -0.0902, -0.44664, 0, 199.19502, -146.33461, -409.24008, 1);
                -webkit-transform-style: preserve-3d;
            }
            .div-2rf2 {
                top: 135px;
                left: 102px;
                width: 255px;
                height: 75px;
                -webkit-transform: matrix3d(0.45553, -0.15261, -0.87704, 0, -0.01098, 0.98415, -0.17693, 0, 0.89015, 0.0902, 0.44664, 0, 150.25495, -78.2509, -356.12772, 1);
                -webkit-transform-style: preserve-3d;
            }
            .div-h2hl {
                background-image: none;
                background-color: rgb(139, 255, 246);
            }
            .div-o450 {
                background-image: none;
                background-color: rgb(255, 204, 116);
                width: 255px;
                height: 75px;
            }
            .div-kcj5 {
                background-image: none;
                background-color: rgb(153, 153, 153);
                width: 55px;
                height: 25px;
            }
            .div-mi1m {
                width: 70px;
                -webkit-transform: matrix3d(-0.45553, 0.15261, 0.87704, 0, -0.01098, 0.98415, -0.17693, 0, -0.89015, -0.0902, -0.44664, 0, 165.73007, -99.3008, -292.7747, 1);
                -webkit-transform-style: preserve-3d;
            }
            .div-by7d {
                width: 70px;
                height: 25px;
            }
            .div-3hue {
                background-image: none;
                background-color: rgb(255, 204, 116);
            }
            .div-t6tf {
                background-image: none;
                background-color: rgb(255, 204, 116);
                width: 255px;
                height: 75px;
                -webkit-transform: matrix3d(-0.89015, -0.0902, -0.44664, 0, -0.01098, 0.98415, -0.17693, 0, 0.45553, -0.15261, -0.87704, 0, 144.27715, -59.26629, -525.1792, 1);
                -webkit-transform-style: preserve-3d;
            }
            .div-my57 {
                left: 77px;
                background-image: none;
                background-color: rgb(132, 105, 60);
                top: 110px;
                width: 255px;
                height: 75px;
                -webkit-transform: matrix3d(-0.89015, -0.0902, -0.44664, 0, -0.01098, 0.98415, -0.17693, 0, 0.45553, -0.15261, -0.87704, 0, 3.67935, -45.296, -301.25479, 1);
                -webkit-transform-style: preserve-3d;
            }
            .div-q2x3 {
                background-image: none;
                background-color: rgb(51, 51, 51);
                left: -303px;
                top: 129px;
                width: 55px;
                height: 25px;
                -webkit-transform: matrix3d(0.899, 0.07675, 0.43117, 0, -0.01538, 0.98945, -0.14406, 0, -0.43768, 0.12288, 0.8907, 0, 556.16427, -39.71664, -260.22071, 1);
                -webkit-transform-style: preserve-3d;
            }
            .div-bzxj {
                -webkit-transform: matrix3d(0.89857, 0.09465, 0.42849, 0, -0.03165, 0.9879, -0.15184, 0, -0.43768, 0.12288, 0.8907, 0, 556.16427, -39.71664, -260.22071, 1);
                -webkit-transform-style: preserve-3d;
                background-image: none;
                background-color: rgb(51, 51, 51);
            }
            .div-47ql {
                -webkit-transform: matrix3d(0.899, 0.07675, 0.43117, 0, -0.01538, 0.98945, -0.14406, 0, -0.43768, 0.12288, 0.8907, 0, 468.22509, -70.6669, -293.18775, 1);
                -webkit-transform-style: preserve-3d;
                left: -291px;
                top: 153px;
            }
            .div-ub4h {
                -webkit-transform: matrix3d(0.8986, 0.09376, 0.42863, 0, -0.03084, 0.98799, -0.15146, 0, -0.43768, 0.12288, 0.8907, 0, 470.22509, -71.6669, -298.18775, 1);
                -webkit-transform-style: preserve-3d;
            }
            .div-z29l {
                top: 203px;
                left: -241px;
                -webkit-transform: matrix3d(0.89779, 0.11387, 0.42545, 0, -0.04914, 0.98587, -0.16016, 0, -0.43768, 0.12288, 0.8907, 0, 345.77611, -129.46538, -335.36219, 1);
                -webkit-transform-style: preserve-3d;
            }
            .div-tjo9 {
                top: 178px;
                left: -266px;
                -webkit-transform: matrix3d(0.45553, -0.15261, -0.87704, 0, -0.7217, 0.51346, -0.46419, 0, 0.52116, 0.84443, 0.12377, 0, 421.41004, -136.46202, -259.59109, 1);
                -webkit-transform-style: preserve-3d;
            }
            .div-61e4 {
                top: 177px;
                left: -327px;
                -webkit-transform: matrix3d(-0.89015, -0.0902, -0.44664, 0, -0.01098, 0.98415, -0.17693, 0, 0.45553, -0.15261, -0.87704, 0, 851.99806, 12.44794, -170.07448, 1);
                -webkit-transform-style: preserve-3d;
            }
            .canvas-p64f {
                position: absolute;
                -webkit-transform: matrix3d(0, 0, -1, 0, 0, 1, 0, 0, 1, 0, 0, 0, -77.13393, 0, 2.42857, 1);
                -webkit-transform-style: preserve-3d;
                left: -79px;
                top: -135px;
            }
            .canvas-ke6h {
                -webkit-transform: matrix3d(0.45553, -0.15261, -0.87704, 0, -0.7217, 0.51346, -0.46419, 0, 0.52116, 0.84443, 0.12377, 0, 161.8511, 48.20354, -426.53673, 1);
                -webkit-transform-style: preserve-3d;
            }
            .canvas-r063 {
                top: -110px;
                left: -54px;
                -webkit-transform: matrix3d(0.45553, -0.15261, -0.87704, 0, 0.70565, 0.66255, 0.25124, 0, 0.54273, -0.73332, 0.40952, 0, 249.65095, 34.28236, -369.87433, 1);
                -webkit-transform-style: preserve-3d;
            }
            .canvas-4fmq {
                top: -110px;
                left: -54px;
                -webkit-transform: matrix3d(-1, 0, 0, 0, 0, 1, 0, 0, 0, 0, -1, 0, 106, 19, -126.00695, 1);
                -webkit-transform-style: preserve-3d;
            }
            .canvas-8j5z {
                -webkit-transform: matrix3d(-0.89015, -0.0902, -0.44664, 0, 0.35677, 0.47178, -0.80631, 0, 0.28345, -0.87709, -0.38776, 0, 222.71259, 18.64051, -453.75886, 1);
                -webkit-transform-style: preserve-3d;
            }
            .canvas-6hlw {
                top: -85px;
                left: -29px;
                -webkit-transform: matrix3d(-0.89015, -0.0902, -0.44664, 0, -0.37371, 0.70535, 0.60234, 0, 0.26072, 0.7031, -0.66159, 0, 139.98881, 13.8707, -342.80724, 1);
                -webkit-transform-style: preserve-3d;
            }
            .canvas-4ve8 {
                position: absolute;
                -webkit-transform: matrix3d(1, 0, 0, 0, 0, 1, 0, 0, 0, 0, 1, 0, 0, 0, 0, 1);
                -webkit-transform-style: preserve-3d;
                left: 385px;
                top: 307px;
            }
            .canvas-2qdf {
                position: absolute;
                left: 383px;
                top: 306px;
                -webkit-transform-style: preserve-3d;
            }
            .canvas-b6y4 {
                position: absolute;
                -webkit-transform: matrix3d(1, 0, 0, 0, 0, 1, 0, 0, 0, 0, 1, 0, -18.21299, -7.5, 208.07715, 1);
                -webkit-transform-style: preserve-3d;
                left: 381px;
                top: 307px;
            }
            .canvas-aqb0 {
                -webkit-transform: matrix3d(0.89015, 0.0902, 0.44664, 0, -0.01098, 0.98415, -0.17693, 0, -0.45553, 0.15261, 0.87704, 0, -48.40273, 13.64144, -187.08433, 1);
                -webkit-transform-style: preserve-3d;
            }
            .canvas-auku {
                top: 332px;
                left: 406px;
                -webkit-transform: matrix3d(1, 0, 0, 0, 0, 1, 0, 0, 0, 0, 1, 0, -115.05679, -33.5, 208.07715, 1);
                -webkit-transform-style: preserve-3d;
            }
            .canvas-x11t {
                -webkit-transform: matrix3d(0.89015, 0.0902, 0.44664, 0, -0.01098, 0.98415, -0.17693, 0, -0.45553, 0.15261, 0.87704, 0, -137.34314, -18.82407, -218.99705, 1);
                -webkit-transform-style: preserve-3d;
            }
            .canvas-d1z3 {
                top: 357px;
                left: 431px;
                -webkit-transform: matrix3d(1, 0, 0, 0, 0, 1, 0, 0, 0, 0, 1, 0, -104.09375, -58.5, 208.07715, 1);
                -webkit-transform-style: preserve-3d;
            }
            .canvas-1w58 {
                -webkit-transform: matrix3d(0.89015, 0.0902, 0.44664, 0, -0.01098, 0.98415, -0.17693, 0, -0.45553, 0.15261, 0.87704, 0, -130.33081, -40.57966, -202.93385, 1);
                -webkit-transform-style: preserve-3d;
            }
            .canvas-e25m {
                top: 382px;
                left: 456px;
                -webkit-transform: matrix3d(0, 0, -1, 0, 0, 1, 0, 0, 1, 0, 0, 0, -72, -83.5, 182.98091, 1);
                -webkit-transform-style: preserve-3d;
            }
            .canvas-7tam {
                -webkit-transform: matrix3d(0.45553, -0.15261, -0.87704, 0, -0.01098, 0.98415, -0.17693, 0, 0.89015, 0.0902, 0.44664, 0, -89.35192, -65.50658, -206.6136, 1);
                -webkit-transform-style: preserve-3d;
            }
            .canvas-kox7 {
                top: 407px;
                left: 481px;
                -webkit-transform: matrix3d(0.45553, -0.15261, -0.87704, 0, -0.01098, 0.98415, -0.17693, 0, 0.89015, 0.0902, 0.44664, 0, -95.49426, -96.82382, -242.91908, 1);
                -webkit-transform-style: preserve-3d;
            }
            .canvas-ylav {
                position: absolute;
                -webkit-transform: matrix3d(1, 0, 0, 0, 0, 1, 0, 0, 0, 0, 1, 0, 0, 0, 0, 1);
                -webkit-transform-style: preserve-3d;
                left: -323px;
                top: 217px;
            }
            .canvas-kzwi {
                left: -323px;
                top: 217px;
                -webkit-transform: matrix3d(1, 0, 0, 0, 0, 1, 0, 0, 0, 0, 1, 0, 42, 1, -493.5833, 1);
                -webkit-transform-style: preserve-3d;
            }
            .canvas-cvhe {
                left: -389px;
                top: 251px;
